[3.98282,0.99972,2.16149,0.08163,0.75747]
[3.98282,0.99972,2.16149,0.08163,0.75747]
[3.98282,0.99972,2.16149,0.08163,0.75747]
[3.98282,0.99972,2.16149,0.08163,0.75747]
[3.98282,0.99972,2.16149,0.08163,0.75747]
[3.82137,1.01513,2.48384,0.08809,0.89161]
[3.82137,1.01513,2.48384,0.08809,0.89161]
[3.82137,1.01513,2.48384,0.08809,0.89161]
[3.82137,1.01513,2.48384,0.08809,0.89161]
[3.82137,1.01513,2.48384,0.08809,0.89161]
[3.82137,1.01513,2.48384,0.08809,0.89161]
[3.82137,1.01513,2.48384,0.08809,0.89161]
