[82.01207,-3.39738]
[84.54977,-4.42237]
[85.51300,-4.95131]
[86.75742,-3.80299]
[87.03637,-2.86723]
[87.53334,-4.31714]
[88.66188,-3.23144]
[89.36160,-4.24561]
[88.47464,-5.41562]
[87.81343,-3.54942]
[87.00582,-3.13195]
[86.00386,-3.13242]
[85.02055,-3.70225]
[83.24905,-2.74455]
[82.01446,-0.90734]
[81.94284,-1.47629]
[80.98668,-1.04465]
[81.41313,-1.52052]
[81.82149,-3.12506]
[81.36939,-3.84480]
[81.54336,-2.44233]
[81.54183,-2.31185]
[82.00740,-2.27809]
[82.99708,-1.81191]
[81.77944,-1.47092]
[81.75627,-1.39662]
[82.23834,-1.76281]
[82.33034,-3.22804]
[81.97173,-3.72524]
[82.26791,-3.43714]
[81.79382,-2.44732]
[80.82833,-2.77615]
[81.18258,-3.18739]
[82.02545,-4.01888]
[82.10319,-1.05972]
[81.85598,-3.38396]
[81.73037,-1.60176]
[84.17162,-3.31049]
[85.14199,-3.37910]
[85.51376,-2.62900]
[85.39809,-3.76023]
[86.06738,-3.21065]
[87.50664,-2.88078]
[89.46528,-3.84179]
[90.54555,-6.77525]
[90.38036,-5.82582]
[88.04309,-6.97248]
[85.25005,-4.54576]
[82.50791,-4.30587]
[82.14063,-2.10380]
[81.90799,-2.61494]
[84.73863,-1.26971]
[85.17648,-1.45981]
[83.56662,-0.78953]
[82.47448,-0.95832]
[81.64353,-3.27419]
[80.74176,-2.71155]
[81.35816,-1.34049]
[82.37938,-2.18900]
[83.35386,-3.94156]
[82.49746,-4.06297]
[82.09426,-3.67644]
[81.21538,-3.14246]
[79.94621,-3.90931]
[79.80011,-4.11387]
[80.82803,-3.55258]
[82.09271,-4.10927]
[81.47581,-1.95661]
[79.60951,-2.99404]
[79.86351,-3.55058]
[80.07918,-4.96613]
[80.32745,-4.25468]
[80.35245,-4.20830]
[80.08566,-3.03284]
[80.26606,-2.04277]
[81.39576,-1.43637]
[82.25705,-2.63314]
[85.17003,-5.74438]
[85.81083,-4.72449]
[85.55408,-5.55618]
[85.42231,-3.92684]
[85.36306,-3.96376]
[85.77368,-3.59935]
[85.09395,-2.24146]
[84.53011,-3.73866]
[84.91691,-5.54888]
[83.76535,-2.99879]
[82.36830,-2.79419]
[80.61391,-2.00497]
[83.56861,-2.45633]
[86.67275,-3.91804]
[87.26891,-4.91867]
[85.49241,-4.61490]
[84.55430,-3.44736]
[83.84006,-3.20124]
[82.69068,-1.75103]
[81.54769,-1.45935]
[80.42636,-2.13633]
[80.70126,-2.72352]
[80.65448,-3.84339]
[80.78767,-3.28259]
[81.38772,-4.45541]
[81.80439,-4.09539]
[80.64710,-4.33418]
[80.10617,-3.20118]
[80.04576,-2.97551]
[80.74806,-3.36556]
[80.18789,-3.90634]
[79.74968,-4.16346]
[81.39183,-2.26268]
[83.58489,-3.87273]
[82.79807,-1.58794]
[82.28443,-2.38925]
[81.08171,-3.92632]
[80.93040,-3.99417]
[84.99149,-3.85437]
[85.71624,-2.00965]
[86.90073,-2.17166]
[85.61329,-4.04912]
[86.37501,-5.23371]
[86.23145,-7.88663]
[86.72425,-7.46748]
[87.20880,-4.16052]
[86.23654,-1.62513]
[87.70973,-2.09703]
[85.81409,-3.08112]
[86.01037,-4.78101]
[84.58961,-4.89442]
[84.40824,-2.29395]
[82.97039,0.01639]
[83.62374,-0.41381]
[83.42160,-2.13101]
[83.75493,-4.66495]
[83.67865,-4.91683]
[83.76533,-4.99976]
[84.18760,-4.68558]
[84.23101,-4.25736]
[83.78386,-1.61627]
[83.44785,-2.73047]
[82.57662,-2.81278]
[80.94234,-3.03567]
[80.15914,-4.62413]
[81.11834,-3.72507]
[80.42226,-3.16352]
[79.78440,-1.67394]
[80.67824,-3.75521]
[81.43839,-2.49336]
[80.67489,-3.66974]
[81.24445,-3.04656]
[81.15376,-3.18241]
[80.77156,-2.69253]
[80.68930,-2.46524]
[80.66952,-2.03880]
[82.86792,-1.27211]
[84.43043,-2.38750]
[85.73661,-2.85421]
[86.07519,-5.93661]
[86.69613,-4.08099]
[86.77865,-4.74137]
[86.62522,-2.83517]
[86.04486,-1.98865]
[85.26404,-1.87367]
[85.49635,-3.95246]
[86.56845,-2.95756]
[86.17920,-4.23640]
[81.14337,-1.79103]
[80.77885,-1.42939]
[82.78863,-2.21436]
[83.78209,-2.21855]
[83.24492,-2.54116]
[84.57902,-3.41318]
[84.91338,-2.56472]
[83.41714,-2.13276]
[82.55762,-2.84323]
[82.80270,-2.64609]
[82.88742,-3.29790]
[80.78038,-2.90270]
[80.03212,-3.14299]
[79.54220,-4.28577]
[79.77931,-3.40510]
[79.41269,-2.61376]
[79.40765,-1.96558]
[78.96182,-1.28194]
[78.82566,-1.33914]
[78.97077,-2.30583]
[80.12274,-0.25533]
[80.72655,-1.16577]
[82.23030,-2.49868]
[82.84471,-3.41036]
[83.30123,-5.67853]
[84.65864,-5.35701]
[85.88790,0.59495]
[85.38628,-3.36394]
[86.31230,-5.96512]
[86.67304,-6.41026]
[85.95929,-4.79930]
[86.55141,-6.45365]
[87.45521,-2.51480]
[87.83266,-3.77179]
[86.75865,-2.14217]
[86.63169,-3.02442]
[85.72950,-3.04604]
[84.64514,-4.07082]
[85.12899,-2.29609]
[86.82769,-1.18498]
[86.55027,-2.78394]
[85.90087,-4.28617]
[85.15860,-4.23260]
[85.71286,-4.28181]
[85.61319,-4.27938]
[85.21842,-6.00085]
[83.60068,-2.75165]
[81.75652,-2.94008]
[82.41288,-2.23823]
[81.46919,-2.04044]
[80.50367,-1.12267]
[80.65624,-2.27230]
[81.58993,-3.82365]
[82.19850,-2.66838]
[81.91949,-3.11505]
[80.86252,-4.34068]
[81.42700,-3.88249]
[81.65016,-3.63843]
[82.32513,-2.85112]
[80.53893,-0.84049]
[81.14466,-3.99403]
[81.98147,-3.22056]
[82.44372,-3.02573]
[82.72435,-3.05834]
[84.23115,-3.70151]
[84.12795,-3.92585]
[83.89265,-3.77819]
[83.69740,-3.76742]
[84.59562,-2.57560]
[85.33215,-4.20314]
[86.82881,-3.45105]
[86.53242,-4.15616]
[86.54024,-4.17394]
[85.79881,-2.22258]
[85.89453,-5.43196]
[86.54875,-4.61807]
[85.86351,-6.43958]
[84.36756,-4.92284]
[83.01333,-2.23605]
[82.19896,-2.15269]
[81.36672,-2.03987]
[80.92577,-3.77083]
[81.34668,-2.03725]
[81.52860,-0.66780]
[82.05950,-0.38916]
[82.25484,-0.64904]
[80.05462,-2.66214]
[79.61782,-3.20196]
[80.51607,-2.68409]
[79.79243,-2.54761]
[79.05937,-3.69749]
[79.57765,-4.13250]
[80.24731,-4.84662]
[80.80133,-2.62869]
[80.53042,-3.42694]
[81.17432,-3.22462]
[81.91761,-0.85974]
[80.78489,-1.17506]
[80.37400,-1.83100]
[80.52517,-2.74391]
[80.92478,-3.18174]
[82.58600,-3.08918]
[82.65986,-1.42300]
[84.34344,-4.41052]
[84.07423,-4.20526]
[86.58726,-4.58530]
[86.80574,-4.74916]
[88.24292,-4.44604]
[88.60663,-4.44577]
[87.17123,-3.46906]
[86.17123,-3.46906]
[86.20735,-2.63750]
[86.42313,-1.85828]
[85.82911,-2.01155]
[83.33154,-0.93401]
[83.06861,-1.40907]
[83.07347,-0.39102]
[82.89246,-1.04678]
[84.29870,-3.27947]
[84.98594,-3.39262]
[84.14844,-3.85419]
[84.02397,-2.10379]
[83.84637,-2.83211]
[83.29878,-3.00580]
[83.33971,-3.08500]
[83.28163,-2.90760]
[82.20961,-4.26029]
[82.30782,-5.23394]
[82.96935,-4.43935]
[82.71065,-4.37595]
[81.76547,-2.19978]
[81.00578,-1.97887]
[80.29990,-2.34482]
[80.32444,-4.88998]
[80.71717,-4.55331]
[79.91011,-0.94708]
[80.46925,-1.52484]
[81.41313,-1.55023]
[83.29205,-4.25666]
[83.99646,-4.38814]
[84.50389,-5.60113]
[85.70231,-3.90481]
[86.77259,-4.88238]
[86.94237,-6.77994]
[86.53262,-4.69267]
[86.25758,-4.38482]
[86.57499,-3.10680]
[87.13635,-5.18640]
[87.97021,-3.30993]
[87.03849,-4.25253]
[85.71270,-3.42294]
[85.58315,-1.18754]
[84.58315,-1.18754]
[82.06698,-1.46633]
[82.47203,-3.90124]
[83.84717,-5.35838]
[83.66625,-5.71234]
[82.67148,-5.70630]
[82.21812,-2.94156]
[82.88550,-1.54819]
[83.57484,-2.75139]
[83.51234,-3.23676]
[82.17301,-3.22783]
[81.20843,-2.57738]
[80.83804,-2.91426]
[80.62653,-5.07170]
[80.75547,-3.84660]
[80.83283,-4.86008]
[81.20678,-5.74447]
[81.53977,-4.67726]
[81.66695,-3.81298]
[80.96813,-2.57164]
[80.45258,-3.46529]
[79.57638,-3.63643]
[79.05830,-3.85542]
[79.30446,-2.14299]
[80.16088,-2.31585]
[80.67944,-2.47530]
[81.50221,-2.34825]
[82.28208,-2.13088]
[83.09819,-3.60699]
[84.23904,-3.56667]
[87.24443,-5.07599]
[88.43554,-5.11779]
[88.58886,-5.72347]
[85.90372,-6.47847]
[85.83223,-2.82866]
[85.33866,-3.86968]
[85.43213,-7.34931]
[86.56202,-4.47016]
[86.29345,-4.59359]
[85.22898,-2.75624]
[83.45698,1.04541]
[81.93553,-1.25716]
[83.17302,-3.95518]
[83.89722,-4.82674]
[82.01537,-2.63327]
[81.89272,-2.75695]
[83.07923,-2.57487]
[83.59199,-2.93091]
[83.27750,-4.53076]
[82.20065,-3.57647]
[81.67611,-2.88587]
[80.68449,-2.88804]
[81.04893,-1.71690]
[81.83996,-4.61017]
[81.49436,-6.39843]
[80.43384,-5.48771]
[80.65928,-4.81071]
[81.35893,-4.39239]
[80.91219,-1.25978]
[82.07279,-1.30470]
[81.94670,-2.99581]
[82.70162,-4.24225]
[80.66962,-4.55255]
[80.97045,-4.13147]
[82.50039,-4.77157]
[83.33203,-4.56740]
[84.56235,-3.83071]
[84.96470,-3.27274]
[86.80494,-4.82656]
[86.67742,-6.38543]
[86.47479,-7.27213]
[86.54763,-6.69034]
[87.39252,-6.13473]
[86.56176,-2.23010]
[84.81459,-1.74784]
[84.28024,-1.77362]
[83.71341,-1.97174]
[83.79251,-5.22779]
[83.49253,-4.37265]
[83.04442,-3.43181]
[83.27318,-2.23219]
[84.51194,-2.74672]
[84.72273,-3.52814]
[84.73539,-4.40512]
[83.55517,-4.82556]
[84.76206,-5.79736]
[85.28302,-3.45421]
[83.27936,-3.03470]
[81.81044,-3.72913]
[81.22663,-2.90208]
[79.80735,-3.00762]
[78.84259,-3.03416]
[79.33832,-4.24740]
[79.57170,-5.59447]
[79.64717,-5.10409]
[79.76504,-2.08129]
[79.76575,-2.63751]
[78.57053,-1.75876]
[78.17826,-1.62576]
[79.61406,-2.87576]
[80.86752,-5.47345]
[82.09964,-6.87729]
[81.98958,-6.26434]
[85.17710,-6.31916]
[86.12321,-4.90860]
[86.07040,-4.36171]
[86.17636,-6.38738]
[87.46768,-8.84159]
[86.67551,-5.43412]
[86.31885,-5.65927]
[85.24309,-5.46466]
[83.84157,-3.57408]
[80.40783,-1.58081]
[79.65304,-1.62425]
[80.22977,-1.11787]
[83.58774,-5.03026]
[83.85618,-0.33627]
[83.56472,-1.40840]
[83.64331,-4.31432]
[85.38556,-4.47773]
[85.40483,-5.96487]
[85.55223,-4.17560]
[83.62195,-1.25713]
[82.00851,-1.69449]
[83.16387,-3.80618]
[82.78368,-5.37734]
[81.99268,-5.52961]
[81.71756,-3.87915]
[81.05409,-2.35274]
[80.60611,-2.14203]
[79.06844,-1.13462]
[77.39141,-1.35969]
[79.27393,-4.12710]
[79.51081,-2.30551]
[79.11283,-4.19165]
[79.41786,-3.21971]
[80.36194,-3.15743]
[81.89152,-2.46246]
[82.90474,-2.46501]
[84.14180,-3.13727]
[84.30413,-4.01385]
[82.30961,-2.62141]
[83.19191,-1.74570]
[85.12897,-3.86373]
[86.41254,-5.31543]
[87.04687,-4.64384]
[85.54586,-3.36376]
[85.41219,-7.39742]
[85.12757,-5.17060]
[86.07624,-3.54844]
[88.44321,-2.69024]
[87.65607,-2.04749]
[86.26362,-2.28662]
[85.77573,-3.94355]
[85.20201,-4.23489]
[85.92768,-5.33941]
[85.03521,-2.36423]
[85.02679,-2.63209]
[84.99734,-0.54151]
[83.39145,-2.05060]
[83.04005,-2.05152]
[82.19362,-5.33895]
[84.33598,-5.68840]
[83.83185,-4.39735]
[81.78226,-1.22210]
[81.48380,-1.05391]
[81.69861,-2.60421]
[82.80591,-5.70952]
[82.90659,-6.07167]
[81.39225,-1.95884]
[81.71345,-2.55528]
[81.85292,-2.90744]
[80.19619,-2.88627]
[79.44130,-2.74927]
[80.79871,-3.88286]
[80.00354,-2.98286]
[80.17336,-2.46939]
[80.27073,-2.52917]
[79.82767,-0.50138]
[80.09094,-2.26719]
[81.61913,-4.63715]
[82.96906,-4.60346]
[83.66607,-3.22633]
[84.98841,-2.02904]
[86.70336,-3.76235]
[88.66698,-5.67460]
[88.28208,-5.53101]
[87.44157,-5.38854]
[84.31661,-2.75923]
[83.22166,-3.23311]
[82.25516,-3.14898]
[83.53073,-2.09426]
[84.09264,-2.32287]
[83.88437,-1.23766]
[84.65752,-2.47068]
[83.79837,-4.76307]
[81.72750,-2.84653]
[81.95727,-2.52824]
[82.19758,-2.41124]
[82.56589,-3.70351]
[82.28947,-3.70719]
[82.21977,-2.61081]
[81.33574,-2.69653]
[82.50592,-0.72384]
[81.77146,-1.39973]
[81.97983,-2.77512]
[81.42533,-3.18449]
[81.49065,-2.33432]
[80.82626,-3.60499]
[80.17919,-3.35019]
[79.58120,-5.36831]
[80.22584,-3.75157]
[79.08017,-0.62625]
[79.17807,-2.05390]
[80.91978,-3.16946]
[80.93404,-1.53183]
[82.07556,-3.56357]
[81.95535,-3.43172]
[81.87111,-2.28513]
[83.81417,-4.25995]
[85.71915,-3.50249]
[86.77970,-2.96931]
[86.90982,-3.63451]
[86.65848,-2.82418]
[85.91438,-4.58039]
[87.03495,-4.78084]
[87.53062,-4.60776]
[86.78611,-7.01393]
[87.85891,-2.80628]
[87.93740,-2.76785]
[86.12737,-0.73113]
[87.49670,-2.68576]
[84.25722,-2.66002]
[84.79953,-1.55096]
[84.92338,-2.85958]
[85.30046,-3.85939]
[84.04890,-3.89845]
[84.48300,-3.18508]
[86.17063,-4.50011]
[86.67304,-6.10561]
[83.45299,-2.30779]
[81.90877,-1.28303]
[81.35738,-1.38125]
[82.95133,-3.51364]
[82.51776,-2.74887]
[82.05809,-1.76181]
[80.61642,-0.86063]
[80.03611,-2.02703]
[80.31885,-1.43203]
[80.81848,-3.57283]
[82.16578,-4.72896]
[82.14311,-4.63035]
[81.30258,-5.06590]
[82.21298,-4.09487]
[83.27979,-3.31063]
[83.91034,-2.47567]
[84.66201,-2.99521]
[85.11990,-2.85138]
[83.55434,-3.10345]
[81.91604,-2.25084]
[82.01111,-2.79445]
[83.24845,-2.43285]
[83.77661,-4.13931]
[84.27631,-4.13121]
[84.69336,-4.33029]
[85.60130,-3.17321]
[86.38551,-3.83428]
[87.48459,-3.59380]
[86.72840,-3.17841]
[87.48187,-4.57209]
[85.82944,-5.15354]
[85.41788,-3.12973]
[85.13103,-2.76520]
[84.30651,1.34203]
[84.92793,-0.87007]
[84.34039,-1.56826]
[84.73511,-4.53740]
[83.78356,-5.21028]
[82.91997,-4.26741]
[83.13564,-3.76586]
[83.62755,-4.54410]
[81.93272,-3.46922]
[79.99172,-0.05123]
[79.10129,-0.86041]
[78.46401,-1.65343]
[78.06342,-1.79843]
[79.17098,-2.99183]
[80.00657,-2.83359]
[80.29722,-4.29427]
[81.29297,-3.39336]
[80.70790,-3.89104]
[80.43883,-1.43537]
[80.48595,-2.54264]
[82.01183,-3.46567]
[82.11489,-1.90522]
[83.03217,-2.46023]
[83.24156,-2.49499]
[84.45893,-3.07462]
[84.72857,-4.33033]
[85.18834,-4.73330]
[85.50553,-4.86484]
[84.21101,-1.97475]
[83.31968,-2.03627]
[85.05982,-4.01892]
[84.92600,-4.32317]
[85.57766,-6.88567]
[85.87369,-3.53059]
[87.10179,-3.04585]
[84.97863,1.72225]
[84.67282,-1.79101]
[86.50918,-3.88809]
[87.56669,-2.56155]
[86.40957,-1.08036]
[87.53829,-3.57121]
[86.08859,-4.23959]
[84.97240,-2.34682]
[84.62804,-4.60303]
[85.55080,-5.02451]
[83.86246,-4.02921]
[82.82562,-1.47641]
[80.95933,0.45515]
[80.63462,0.78678]
[80.35257,-4.07709]
[80.67224,-4.23407]
[81.86958,-3.41289]
[81.23326,-0.84361]
[81.92120,-1.48459]
[81.61365,-3.43359]
[81.67850,-3.45959]
[81.45685,-4.10613]
[81.13852,-3.94685]
[82.37002,-3.49804]
[83.12533,-3.02657]
[82.80710,-0.95834]
[81.71326,-1.96533]
[82.24207,-5.13153]
[84.16634,-4.29695]
[83.55079,-5.03992]
[84.73018,-2.48826]
[85.79290,-1.86379]
[87.14067,-2.38252]
[87.18109,-2.73521]
[86.18225,-4.01859]
[87.85791,-4.89830]
[85.79791,-4.61698]
[84.17572,-3.47216]
[82.94574,-2.65301]
[83.16746,-3.55242]
[84.38271,-3.74734]
[82.39897,-1.33075]
[82.73347,-0.09478]
[84.73924,-1.32274]
[84.91992,-3.80376]
[83.58306,-4.59656]
[85.06290,-4.05055]
[84.82169,-4.08377]
[84.49897,-3.65085]
[84.70536,-3.82546]
[84.49324,-4.26872]
[83.64750,-3.10409]
[83.60262,-2.45132]
[83.48489,-3.06735]
[82.26262,-3.11640]
[80.79034,-2.98870]
[79.44034,-2.84658]
[80.02240,-1.62154]
[79.12089,-2.18756]
[79.44110,-1.35445]
[78.39639,-2.58528]
[77.64117,-1.89551]
[77.10004,-0.46247]
[80.45557,-2.68428]
[81.72892,-4.00155]
[82.67548,-3.54030]
[82.31893,-3.10457]
[82.80562,-1.78412]
[84.99907,-4.16724]
[86.07489,-2.97648]
[87.20491,-4.96051]
[87.72155,-4.15595]
[88.14389,-5.81758]
[88.58846,-6.31487]
[89.29545,-3.44304]
[89.70367,-6.30791]
[88.11987,-5.12297]
[87.57053,-3.67011]
[83.18302,-2.83976]
[80.88328,1.19864]
[80.04308,-0.71186]
[79.66938,-2.86362]
[79.42662,-3.30147]
[84.41291,-3.27102]
[85.27699,-4.01695]
[86.28928,-1.79834]
[87.86372,-3.52869]
[87.40611,-4.15504]
[86.25226,-2.63662]
[85.30414,-2.70150]
[85.11747,-4.01267]
[83.26638,-4.19850]
[82.25071,-5.07626]
[80.67871,-5.03037]
[79.99222,-4.85649]
[78.56523,-2.76142]
[77.96407,-0.74381]
[77.75238,-0.71020]
[77.78089,-0.48857]
[80.07569,-1.61422]
[81.08215,-1.57818]
[81.78154,-2.11119]
[82.75619,-3.15104]
[83.39005,-2.57212]
[82.80357,-3.69837]
[82.20685,-5.09521]
[82.47775,-6.06518]
[83.81186,-6.12041]
[84.96255,-3.77418]
[85.97502,-3.75233]
[87.20465,0.17554]
[86.80274,-1.90567]
[86.44409,-4.17848]
[85.86483,-5.50912]
[85.67799,-6.39376]
[84.69896,-6.35073]
[84.07669,-0.63522]
[83.26954,-2.60585]
[83.36621,-2.30970]
[86.13862,-5.55946]
[86.82378,-3.19344]
[85.52023,-1.29591]
[84.73760,-1.95238]
[84.05117,-0.46017]
[83.06991,-1.03476]
[81.58167,-3.46018]
[82.40520,-4.18601]
[83.29770,-4.86188]
[83.77289,-5.36524]
[83.11120,-4.14048]
[82.82227,-2.77309]
[82.23214,-2.11347]
[80.48515,-2.41408]
[79.29255,-2.88913]
[78.21896,-2.86311]
[77.91381,-2.24980]
[77.20453,-2.78655]
[77.85610,-2.17688]
[78.08268,-2.25054]
[78.60586,-2.18161]
[79.05364,-4.01257]
[80.76400,-4.00537]
[81.73539,-4.01746]
[81.78510,-3.44225]
[82.97744,-2.84169]
[83.41275,-2.21141]
[84.80162,-3.72497]
[85.54542,-5.94645]
[84.83443,-7.16830]
[85.56437,-7.21914]
[86.10841,-5.92604]
[85.09889,-2.24541]
[84.46736,-1.40205]
[83.17954,-2.17263]
[83.33660,-3.74148]
[83.22426,-3.12994]
[83.68509,-2.52078]
[84.44649,-3.13043]
[85.86704,-2.82284]
[87.10044,-5.20601]
[87.63889,-4.37845]
[88.24273,-3.89767]
[89.24008,-3.91604]
[88.07813,-3.09547]
[85.06821,-1.49423]
[83.73241,-1.66489]
[83.75193,-2.95290]
[83.37113,-4.74133]
[80.85187,-4.68553]
[80.44347,-4.25808]
[77.95021,-0.65654]
[77.56136,0.09986]
[77.75143,0.76928]
[79.32259,-3.08641]
[80.61074,-3.26287]
[81.80882,-3.19117]
[81.41844,-3.31235]
[81.43087,-1.76621]
[80.41535,-4.08910]
[80.84805,-3.43840]
[82.35256,-3.42639]
[83.91509,-0.94629]
[85.02837,-1.85731]
[83.59639,-3.49767]
[83.34898,-6.28362]
[82.41438,-5.57164]
[82.20541,-5.22870]
[83.39141,-3.47735]
[83.78465,-3.34707]
[83.82236,-5.23479]
[84.90713,-3.54933]
[86.72673,-1.36029]
[87.81018,-1.34809]
[85.68769,1.06742]
[85.60678,0.27461]
[86.12973,-2.17950]
[87.98968,-6.79976]
[90.97407,-10.60645]
[88.99163,-8.82436]
[88.81864,-7.08268]
[87.25092,-4.07025]
[83.71702,-1.69723]
[83.53200,-3.65161]
[84.89106,-4.09331]
[85.19426,-4.32317]
[79.48290,1.46267]
[79.27490,-0.41854]
[79.80257,-1.33572]
[81.07209,-5.59220]
[81.92316,-4.96683]
[80.71117,-2.69308]
[80.06729,-3.18358]
[79.63978,-0.30916]
[79.32561,-2.43943]
[79.70004,-1.69909]
[80.45699,-2.30501]
[80.99824,-3.60559]
[81.15668,-2.65907]
[81.55129,-3.09081]
[80.97083,-2.27001]
[79.91752,-2.71501]
[80.25222,-2.00422]
[82.32166,-3.83311]
[83.55307,-4.89246]
[83.88550,-5.06199]
[86.16645,-3.73168]
[85.39777,-2.27499]
[83.63678,-2.09888]
[82.16328,-2.12546]
[82.31136,-3.00391]
[83.35000,-3.52386]
[84.47123,-3.36031]
[84.32855,-4.29908]
[83.57479,-5.02639]
[84.22121,-3.82559]
[86.69847,-1.56303]
[87.73306,-4.03878]
[88.15123,-8.24154]
[88.32282,-7.35495]
[84.57930,-5.22526]
[83.41988,-1.84149]
[84.13518,-2.86955]
[85.35159,-6.01079]
[85.10291,-3.58794]
[82.04111,-0.86597]
[81.02384,-0.92433]
[80.64181,-0.56529]
[80.65250,-2.20529]
[80.95097,-3.79321]
[80.61932,-2.96443]
[79.95913,-4.52861]
[80.36798,-3.71592]
[79.92755,-4.05444]
[79.11816,-2.78476]
[79.52384,-2.86977]
[79.78372,-1.81978]
[80.72753,-4.99837]
[81.36155,-4.04473]
[81.53691,-2.65984]
[82.09435,-2.77615]
[81.15802,-2.85406]
[82.97765,-4.10074]
[83.83672,-4.53354]
[83.79781,-5.02497]
[83.35335,-5.56737]
[82.76059,-6.36729]
[83.48341,-4.35968]
[84.96311,-3.49656]
[85.25459,-3.33866]
[84.87433,-1.65649]
[85.20148,-3.76012]
[88.35177,-3.48278]
[88.01260,-4.00983]
[87.93156,-5.18072]
[87.26548,-4.31727]
[86.66923,-2.88740]
[86.02403,-5.17811]
[84.24338,-7.43872]
[85.36314,-9.34652]
[84.08052,-5.23004]
[84.11955,-2.57389]
[85.28565,0.43966]
[84.23175,-1.09384]
[82.45928,-0.12710]
[80.65344,-1.08527]
[80.91582,-3.62168]
[81.62252,-5.57919]
[81.94014,-4.84613]
[82.18861,-4.68431]
[81.39239,-4.40574]
[81.66825,-4.23094]
[82.42342,-4.35549]
[83.38391,-6.28580]
[82.10750,-4.31711]
[81.54409,-2.88776]
[78.88997,-2.87931]
[79.37656,-3.10258]
[79.47934,-3.74854]
[80.56655,-1.66418]
[79.67313,-2.12105]
[79.33648,-3.74852]
[79.63154,-5.79408]
[79.43978,-4.55308]
[82.20493,-4.42830]
[82.98518,-2.04596]
[83.43156,-1.59747]
[84.93155,-0.95847]
[86.45235,-5.30511]
[87.46450,-6.73490]
[87.91394,-3.88349]
[87.91490,-6.37878]
[86.51929,-5.98111]
[85.82086,-5.82795]
[86.30325,-5.24154]
[86.70020,-5.64983]
[85.52139,-1.92258]
[84.69718,-0.88123]
[81.76671,-0.14725]
[80.40416,-0.91971]
[80.03482,-1.16107]
[80.16962,-1.89292]
[84.10888,-2.88317]
[84.45779,-5.29348]
[84.58201,-5.17014]
[83.11922,-4.36688]
[82.97355,-3.99374]
[83.30274,-3.19262]
[81.84337,-1.71297]
[80.45066,-1.80871]
[79.29654,-2.45854]
[78.49924,-4.29301]
[79.04122,-4.87604]
[79.21620,-3.50339]
[79.70370,-3.86147]
[80.70370,-3.86147]
[80.47976,-3.84360]
[81.00579,-2.69636]
[81.16733,-2.73318]
[81.00353,-3.85852]
[82.38896,-4.19850]
[82.88360,-1.81132]
[83.29740,-2.15318]
[83.38583,-4.91257]
[85.22829,-3.55410]
[85.76222,-4.73620]
[85.44384,-3.57794]
[85.02587,-4.26148]
[83.99140,-2.77994]
[85.15557,-5.63233]
[86.35437,-5.34894]
[87.21260,-4.12345]
[86.74586,-0.97205]
[87.03986,-0.58474]
[86.25887,-2.26711]
[84.66996,-2.59183]
[83.88738,-4.13975]
[84.70403,-5.30276]
[85.94451,-4.09886]
[85.73607,-4.59823]
[84.90829,-1.48368]
[84.46254,-2.88767]
[83.45580,-2.84285]
[83.91501,-3.72076]
[83.76097,-2.39749]
[82.51806,-2.94785]
[82.60716,-2.81905]
[80.32710,-2.70807]
[80.67520,-3.97029]
[81.05227,-5.28341]
[81.22753,-4.72641]
[81.02254,-6.19603]
[80.05881,-5.23176]
[80.12573,-1.84175]
[79.64083,-0.32190]
[79.15677,-0.40951]
